0.000000000000000000e+00 0.000000000000000000e+00 0.000000000000000000e+00 0.000000000000000000e+00 0.000000000000000000e+00 0.000000000000000000e+00 0.000000000000000000e+00 0.000000000000000000e+00 0.000000000000000000e+00
-3.994442105263152794e-06 -1.653134197368418924e-09 -6.856878602453892437e-13 -8.344514596657744620e-04 -3.488448310169148711e-07 -1.461057370714940617e-10 1.093261711711711673e-02 4.660311341734233186e-06 1.093261711711711673e-02
3.631452631578944152e-06 1.460198024526314169e-09 5.886629618701255224e-13 7.924826628734777398e-04 3.147618788199992858e-07 1.253176331313606082e-10 9.975000000000001227e-03 3.880712902499999702e-06 9.975000000000001227e-03
-2.178715789473684953e-06 -8.320446001052632528e-10 -3.179205404655375932e-13 -7.644977445090894112e-04 -2.924008431317117027e-07 -1.118908905716908336e-10 9.935117117117116606e-03 3.845569301734233989e-06 9.935117117117116606e-03
3.449568421052635561e-06 1.336073701947369960e-09 5.182729195519861780e-13 7.715171311830596335e-04 2.980552777392028242e-07 1.153095947865119791e-10 9.715718468468467067e-03 3.679822806655405130e-06 9.715718468468467067e-03
-3.449568421052635561e-06 -1.365697276789475294e-09 -5.414746958398199143e-13 -7.948252971257217933e-04 -3.163106994688147361e-07 -1.260424736498949060e-10 1.039398423423423465e-02 4.211054119718468928e-06 1.039398423423423465e-02
5.628284210526323479e-06 2.442353258473687981e-09 1.066044374330286900e-12 8.461131068689286454e-04 3.598887055744789631e-07 1.539396633601682226e-10 1.055360135135135005e-02 4.352065667421170495e-06 1.055360135135135005e-02
-7.988884210526319140e-06 -3.572042066526317387e-09 -1.604502929915172178e-12 -8.950773839685816297e-04 -4.024028291770219933e-07 -1.817119139801133292e-10 1.193003153153153299e-02 5.558585268873874522e-06 1.193003153153153299e-02
-3.812947368421075578e-06 -6.657336934736922840e-10 7.076810202768163280e-15 1.421817121670295174e-04 1.060570978343828965e-07 6.082651562866185011e-11 9.994855855855858812e-03 3.980667170900902529e-06 9.994855855855858812e-03
-7.262905263157551185e-07 1.412764716698954122e-09 6.101283944554254506e-13 2.004611764082911364e-04 8.348570098496067649e-08 3.010760013947791925e-11 5.426348648648644454e-03 1.318905712019818406e-06 5.426348648648644454e-03
7.989117894736822304e-06 8.947249254968401477e-10 1.280342293695632097e-13 1.072249422521624052e-04 1.566266833919343986e-08 2.520309018406423818e-12 9.974914414414433848e-04 1.029567630085588053e-07 9.974914414414433848e-04
1.815726315789477529e-07 4.232458042105272221e-13 1.315447959486318355e-18 2.329716922862986056e-06 7.240760196258158078e-12 2.531731802621664642e-17 1.994999999999995299e-05 4.650344999999987936e-11 1.994999999999995299e-05
3.631452631578955058e-07 1.692983216842108888e-12 1.052358367589054684e-17 4.660716569636869226e-06 2.897101419686276744e-11 2.025943022786613026e-16 3.989999999999990597e-05 1.860137999999995174e-10 3.989999999999990597e-05
1.815726315789453971e-07 7.195178671578922841e-12 1.433838275840079927e-16 1.165328848468354461e-05 2.535222973237495432e-10 4.938707911504918350e-15 2.593500000000002054e-04 3.208738050000003748e-09 2.593500000000002054e-04
1.815726315789502146e-07 1.481360314736849857e-11 6.406231562698380456e-16 1.631550232100763363e-05 8.113130347151342369e-10 3.244511455566091707e-14 6.184499999999996641e-04 1.604369024999998276e-08 6.184499999999996641e-04
-1.997298947368419538e-06 -5.629169195999998306e-11 -1.742968546319368154e-15 -5.826849015952054829e-05 -1.839956684854549741e-09 -6.126928284854065958e-14 8.578500000000000621e-04 2.980871145000000061e-08 8.578500000000000621e-04
1.271008421052628632e-06 3.258992692421045257e-11 9.484379787896316365e-16 2.563898278419250167e-05 7.461503386188032999e-10 2.368286607909615603e-14 3.790500000000002960e-04 7.115027850000010054e-09 3.790500000000002960e-04
-3.631452631578938646e-07 -1.692983216842101214e-12 -1.052358367589049753e-17 -4.660716569636869226e-06 -2.897101419686276744e-11 -2.025943022786613026e-16 1.994999999999999161e-04 1.674124199999998449e-09 1.994999999999999161e-04
3.631452631578938646e-07 1.692983216842101214e-12 1.052358367589049753e-17 4.660716569636869226e-06 2.897101419686276744e-11 2.025943022786613026e-16 3.990000000000008216e-05 1.860138000000003446e-10 3.990000000000008216e-05
0.000000000000000000e+00 0.000000000000000000e+00 0.000000000000000000e+00 0.000000000000000000e+00 0.000000000000000000e+00 0.000000000000000000e+00 0.000000000000000000e+00 0.000000000000000000e+00 0.000000000000000000e+00
0.000000000000000000e+00 0.000000000000000000e+00 0.000000000000000000e+00 0.000000000000000000e+00 0.000000000000000000e+00 0.000000000000000000e+00 0.000000000000000000e+00 0.000000000000000000e+00 0.000000000000000000e+00
1.815726315789473294e-07 4.232458042105261619e-13 1.315447959486314888e-18 2.329716922862986056e-06 7.240760196258158078e-12 2.531731802621664950e-17 1.994999999999999703e-05 4.650344999999998922e-11 1.994999999999999703e-05
5.447178947368419616e-07 9.734653496842101824e-12 1.618000990168167624e-16 1.165435766656331855e-05 2.173155095607493992e-10 3.925815442104065972e-15 1.795500000000000004e-04 1.906641449999999164e-09 1.795500000000000004e-04
-7.262905263157893174e-07 -1.015789930105262869e-11 -1.631155469763030662e-16 -1.398407458942630376e-05 -2.245562697570075557e-10 -3.951132760130283009e-15 5.186999999999999771e-04 1.097481419999999934e-08 5.186999999999999771e-04
2.542016842105262770e-06 1.422105902147368211e-10 8.858226559180850192e-15 5.594179931437164770e-05 3.484586708392552618e-09 2.346595742068341496e-13 8.777999999999999779e-04 3.608667720000000048e-08 8.777999999999999779e-04
5.447334736842103357e-06 1.384906027991578407e-09 3.110563708961785768e-13 1.351998082310510601e-04 3.655753561929654846e-08 8.759664184554992511e-12 2.872817117117116952e-03 4.066327104342342123e-07 2.872817117117116952e-03
-6.899993684210522803e-06 -1.191926640785262369e-09 -2.167072983987357770e-13 1.165251495090272830e-04 5.469058790849045560e-08 2.019457320640592928e-11 6.783077027027026654e-03 1.861296536648197685e-06 6.783077027027026654e-03
3.629894736842084298e-07 1.590801407368415666e-10 6.517347499415417530e-14 3.263481180391968658e-05 2.119629188237819960e-08 1.034350807062987226e-11 8.299234234234233523e-03 2.687176342319820395e-06 8.299234234234233523e-03
1.271242105263158267e-06 5.786471011578947300e-10 2.553887799562042882e-13 5.361896785556908695e-05 3.965758662489702543e-08 2.207965649066341376e-11 9.356472972972974117e-03 3.422271019932432340e-06 9.356472972972974117e-03
-5.991663157894736814e-06 -2.337481991052631636e-09 -9.150040813661180756e-13 -7.808536969209110357e-04 -3.058951631415747109e-07 -1.202272716941410085e-10 1.035397297297297424e-02 4.183991944932432169e-06 1.035397297297297424e-02
4.357431578947368211e-06 1.655617021999999965e-09 6.316835278514055770e-13 7.458752103333025430e-04 2.792249842665299370e-07 1.049397797114762267e-10 9.336617117117116532e-03 3.402947788851350894e-06 9.336617117117116532e-03
-3.449957894736841525e-06 -1.199923643263157424e-09 -4.183354805189563431e-13 -7.015825351519581945e-04 -2.466300033053932721e-07 -8.686950665729920083e-11 9.196941441441440837e-03 3.298251605292792115e-06 9.196941441441440837e-03
3.813336842105264177e-06 1.289727287736842505e-09 4.372182127046691991e-13 6.736177020130824835e-04 2.273829851128576017e-07 7.692225330692108118e-11 8.438781531531531696e-03 2.777560116655405344e-06 8.438781531531531696e-03
3.449568421052629209e-06 1.541761722263156922e-09 6.816423303058315366e-13 8.159936704165245873e-05 6.187376272301337315e-08 3.548824229952985926e-11 9.356515765765766046e-03 3.440904319718468226e-06 9.356515765765766046e-03
-1.815336842105260607e-06 -4.323658348947354591e-10 -2.013979149415501357e-14 1.025567286180475274e-04 9.435126695305958939e-08 6.564930991712870666e-11 1.200984009009009069e-02 5.663413660979729827e-06 1.200984009009009069e-02
-1.271242105263162290e-06 -5.405985562105288327e-10 -2.137113761423000664e-13 6.292485115821748465e-05 6.845633128784958608e-08 5.597935246976911537e-11 1.410467567567567568e-02 7.765594577027027070e-06 1.410467567567567568e-02
-5.265684210526311907e-06 -2.971659268631576406e-09 -1.680147499000195150e-12 -1.135152015960408291e-03 -6.453671576948437566e-07 -3.674931020230444081e-10 1.486279279279279462e-02 8.611977317027027625e-06 1.486279279279279462e-02
0.000000000000000000e+00 0.000000000000000000e+00 0.000000000000000000e+00 0.000000000000000000e+00 0.000000000000000000e+00 0.000000000000000000e+00 0.000000000000000000e+00 0.000000000000000000e+00 0.000000000000000000e+00
