0.000000000000000000e+00 0.000000000000000000e+00 0.000000000000000000e+00 0.000000000000000000e+00 0.000000000000000000e+00 0.000000000000000000e+00 0.000000000000000000e+00 0.000000000000000000e+00 0.000000000000000000e+00
-1.997999999999994254e-06 -3.401123542105253643e-09 -5.789932629887352270e-12 -3.414372593522812648e-03 -5.830240679978207396e-06 -9.955964598269655862e-09 4.395033783783783288e-02 7.523407321959459061e-05 4.395033783783783288e-02
1.086631578947359649e-06 1.867648026315774744e-09 3.210048762186289462e-12 3.435239030118445152e-03 5.901702164460001976e-06 1.013913881541807114e-08 4.405047297297297326e-02 7.557556407094593817e-05 4.405047297297297326e-02
-6.352315789473664780e-06 -1.057361287894733684e-08 -1.761244048981643843e-11 -3.377383112062936482e-03 -5.707552654890634588e-06 -9.651551467607647221e-09 4.371069819819820013e-02 7.444026494481982559e-05 4.371069819819820013e-02
9.078631578947352757e-06 1.495002195263155377e-08 2.463231635723469381e-11 3.286673334145933517e-03 5.404021774369555236e-06 8.890032930191732796e-09 4.169601351351351348e-02 6.773496056644145048e-05 4.169601351351351348e-02
-1.162189473684209053e-05 -1.844154311578945075e-08 -2.930405343495855147e-11 -3.198133583465307458e-03 -5.120292847178835671e-06 -8.207280337792175203e-09 4.169644144144143971e-02 6.776109923873873124e-05 4.169644144144143971e-02
8.716421052631567054e-06 1.362094008421050757e-08 2.131999304449049048e-11 3.039411090809305931e-03 4.627937702671701312e-06 7.060091302082853365e-09 3.854432432432432221e-02 5.792161519819819367e-05 3.854432432432432221e-02
-3.894736842118400574e-09 1.823321052612045079e-12 1.389545350909440264e-14 1.394548366975443751e-05 4.122201149130455712e-08 9.138444059712770242e-11 3.794565315315315268e-02 5.608008112950450038e-05 3.794565315315315268e-02
-2.718526315789471716e-06 -3.990883484210523407e-09 -5.859511307474381683e-12 -2.948358539829289224e-03 -4.347407226505294790e-06 -6.411054371975715859e-09 3.800427927927927524e-02 5.625629194369369170e-05 3.800427927927927524e-02
-1.452736842105244800e-06 -1.855980173684184867e-09 -2.342980553821366921e-12 7.452103913058519269e-05 2.121936403762076372e-07 4.533137725130201972e-10 3.670808558558558143e-02 5.250521726463962843e-05 3.670808558558558143e-02
3.809052631578934625e-06 5.283980126315771618e-09 7.332986562389448879e-12 2.733511411588473473e-03 3.738842738844308803e-06 5.116295022120366190e-09 3.489324324324324933e-02 4.743172649549550358e-05 3.489324324324324933e-02
9.113684210526298401e-07 1.243566105263155928e-09 1.696865239004207644e-12 1.692549744124020872e-05 4.501551451525537769e-08 9.092342609443293696e-11 3.469297297297297550e-02 4.687847730630631657e-05 3.469297297297297550e-02
-1.452736842105265128e-06 -1.980997331578950458e-09 -2.701447462901407683e-12 -2.731446873731303675e-03 -3.731203202383440302e-06 -5.097045422530140518e-09 3.515213963963964572e-02 4.812707876013514114e-05 3.515213963963964572e-02
-3.450736842105248794e-06 -4.525378473684192498e-09 -5.936582049590852262e-12 5.325623253352911382e-05 1.427962093690067742e-07 2.866556146881441500e-10 3.469382882882883490e-02 4.689455152027027828e-05 3.469382882882883490e-02
5.265684210526303437e-06 6.891151463157879055e-09 9.022564803625943612e-12 2.603676891284411807e-03 3.391101421019428809e-06 4.418483738271170124e-09 3.313788288288288530e-02 4.277930343468469153e-05 3.313788288288288530e-02
2.722421052631570741e-06 3.804730447368410175e-09 5.309516185085249360e-12 7.230601921326450590e-05 1.920668661094558330e-07 3.829496713321150101e-10 3.381614864864865289e-02 4.456163906644144436e-05 3.381614864864865289e-02
-1.234631578947369243e-05 -1.635946275789474632e-08 -2.171831786716913878e-11 -2.666651447456433368e-03 -3.561520716922030397e-06 -4.764388511991240565e-09 3.491292792792792532e-02 4.752053240990992034e-05 3.491292792792792532e-02
1.216715789473685015e-05 1.569680677894737940e-08 2.029158130934458203e-11 2.561752613245532086e-03 3.287330980967351857e-06 4.226290905748674649e-09 3.221954954954954486e-02 4.047833552252252693e-05 3.221954954954954486e-02
-4.179052631578941247e-06 -5.249910331578939457e-09 -6.599094178393324177e-12 -2.556407161112519283e-03 -3.270618740366439029e-06 -4.186956809504833805e-09 3.305786036036036102e-02 4.257690548536036427e-05 3.305786036036036102e-02
4.541263157894740502e-06 6.151093042105268131e-09 8.336643330771233286e-12 2.658957416323483921e-03 3.538514516271775831e-06 4.712401734001755497e-09 3.389531531531528308e-02 4.476347805630624996e-05 3.389531531531528308e-02
-8.899473684210522335e-06 -1.206279900526315404e-08 -1.636023595934490278e-11 -2.710889050670005698e-03 -3.676721477615519118e-06 -4.989611275477595983e-09 3.529164414414414502e-02 4.852759593581081505e-05 3.529164414414414502e-02
5.631789473684208069e-06 7.578822168421049154e-09 1.020592868137262444e-11 2.664150064089294747e-03 3.551229018595651357e-06 4.736650141035578820e-09 3.389445945945945837e-02 4.475993031981982055e-05 3.389445945945945837e-02
-1.273578947368424542e-06 -1.670520984210530635e-09 -2.191272576102111219e-12 -2.630808274278535318e-03 -3.461814822204924609e-06 -4.555492087686944883e-09 3.385466216216216628e-02 4.464002690427929356e-05 3.385466216216216628e-02
2.726315789473682471e-06 3.680296136842102735e-09 4.969149899654031334e-12 2.672825232751529622e-03 3.573859109929689385e-06 4.779746507791811293e-09 3.417346846846847086e-02 4.548942355180179693e-05 3.417346846846847086e-02
-3.633789473684207463e-06 -4.933039994736838108e-09 -6.698074089474730831e-12 -2.722371173096170549e-03 -3.706489707909849798e-06 -5.047161462531451912e-09 3.515128378378378632e-02 4.812845771509009052e-05 3.515128378378378632e-02
3.633789473684215933e-06 5.027903710526322783e-09 6.958114507196852504e-12 2.759669706534075787e-03 3.808732447769836186e-06 5.257415045754606660e-09 3.523087837837837744e-02 4.834664241779279125e-05 3.523087837837837744e-02
1.997999999999991712e-06 3.188749384210515069e-09 5.045575315617876489e-12 9.097202881957317487e-05 2.617817281607884267e-07 5.654163198368175756e-10 3.672777027027027130e-02 5.257357524211712333e-05 3.672777027027027130e-02
-6.360105263157889934e-06 -9.477796342105256879e-09 -1.413082564873086643e-11 -2.995234107844095897e-03 -4.487811776878567124e-06 -6.726999581681274191e-09 3.880322072072071860e-02 5.865739749436936035e-05 3.880322072072071860e-02
2.730210526315789543e-06 4.126061036842105454e-09 6.236010199387017884e-12 3.018401747978971712e-03 4.556044910995369323e-06 6.877446730267286642e-09 3.860295045045045170e-02 5.804122578265766155e-05 3.860295045045045170e-02
9.035789473684173911e-07 1.422054105263151848e-09 2.236075578868763075e-12 3.508018997488591625e-05 1.067229272696296672e-07 2.437236681002532406e-10 3.900306306306305926e-02 5.925368705405405396e-05 3.900306306306305926e-02
1.998000000000007806e-06 3.349408447368434316e-09 5.599520045940019418e-12 7.229252051263630741e-05 2.282134047672510362e-07 5.406290148899348098e-10 4.031979729729730233e-02 6.333947026914413985e-05 4.031979729729730233e-02
-3.267684210526324430e-06 -5.232914868421067160e-09 -8.381107316195461782e-12 5.568663024517082547e-05 1.821496560788965094e-07 4.462743449315178930e-10 4.225488738738739092e-02 6.955547851689190331e-05 4.225488738738739092e-02
2.360210526315791815e-06 4.062475368421055384e-09 6.992493303227373308e-12 4.454672604834722036e-05 1.504881366523549521e-07 3.820563461625522809e-10 4.323270270270270638e-02 7.280493244144145841e-05 4.323270270270270638e-02
-5.448736842105257871e-06 -9.334614910526305288e-09 -1.599406686420244042e-11 -3.426523657219474918e-03 -5.871578510566518512e-06 -1.006276518765982856e-08 4.429011261261260601e-02 7.640677812499999425e-05 4.429011261261260601e-02
4.175157894736833328e-06 7.144016473684194721e-09 1.222524053155506145e-11 3.419428135003657089e-03 5.847108505135593175e-06 9.999339544314149674e-09 4.367090090090090804e-02 7.428306350225226450e-05 4.367090090090090804e-02
-2.173263157894726074e-06 -3.710710915789455327e-09 -6.336133943307336837e-12 -3.421478314841811842e-03 -5.854237222437593656e-06 -1.001719289917050485e-08 4.404918918918918763e-02 7.557273805630629793e-05 4.404918918918918763e-02
1.415736842105262433e-05 2.660709667894735742e-08 5.015824291010700467e-11 3.603418874098734959e-03 6.517223696464081333e-06 1.183335359145880534e-08 4.548659909909909954e-02 8.075098288626126968e-05 4.548659909909909954e-02
0.000000000000000000e+00 0.000000000000000000e+00 0.000000000000000000e+00 0.000000000000000000e+00 0.000000000000000000e+00 0.000000000000000000e+00 0.000000000000000000e+00 0.000000000000000000e+00 0.000000000000000000e+00
