0.000000000000000000e+00 0.000000000000000000e+00 0.000000000000000000e+00 0.000000000000000000e+00 0.000000000000000000e+00 0.000000000000000000e+00 0.000000000000000000e+00 0.000000000000000000e+00 0.000000000000000000e+00
9.078242105263156534e-06 7.054353117631576338e-09 5.492823736642959855e-12 1.552410337183465121e-03 1.207409986333223700e-06 9.409469637835349219e-10 1.943130855855856182e-02 1.472579364904279194e-05 1.943130855855856182e-02
-9.441231578947366869e-06 -7.435147240578945388e-09 -5.867285559092571231e-12 -1.575721406389170342e-03 -1.243981789946099992e-06 -9.840493922620268185e-10 2.074795720720720368e-02 1.678730192174549219e-05 2.074795720720720368e-02
6.354652631578951384e-06 4.975800598736845891e-09 3.902376321892762346e-12 1.554723649061507274e-03 1.210348161327102295e-06 9.436263790870124078e-10 1.961090990990990712e-02 1.499210430396396081e-05 1.961090990990990712e-02
-5.084189473684215210e-06 -3.832185896210529809e-09 -2.890784668109893872e-12 -1.510427598675612507e-03 -1.141583275310575434e-06 -8.634381350199112024e-10 1.967073423423423492e-02 1.507712284481981809e-05 1.967073423423423492e-02
6.536926315789474409e-06 4.907331919578947823e-09 3.687887378287926663e-12 1.501113938682060132e-03 1.127894307945869440e-06 8.483595064528843491e-10 1.891253153153153038e-02 1.394098327252252139e-05 1.891253153153153038e-02
-1.234709473684211537e-05 -8.674074318947373611e-09 -6.146810116357811446e-12 -1.435860500572126025e-03 -1.038316011227434519e-06 -7.557598174972131744e-10 1.911203153153153561e-02 1.428306161328828859e-05 1.911203153153153561e-02
9.260515789473702428e-06 6.284937093315801125e-09 4.308352234325955310e-12 1.256239563515624928e-03 7.995381439653866491e-07 5.160026655514618325e-10 1.562078153153152911e-02 9.575023028772518518e-06 1.562078153153152911e-02
-1.452620000000002704e-05 -5.820671671421062912e-09 -2.499541353182463146e-12 -9.695344418916884742e-04 -4.967812495680525974e-07 -2.638378569505015516e-10 1.324680855855856106e-02 7.018310649042794840e-06 1.324680855855856106e-02
6.173703157894782931e-06 4.718422664637907590e-09 2.252027484760355002e-12 2.843816025352436500e-04 1.520233406470728206e-07 7.274820257025219131e-11 6.184474324324318838e-03 1.844689597842789898e-06 6.184474324324318838e-03
7.807545263157875690e-06 8.926086964757875715e-10 1.280171285460898889e-13 1.048964487564024196e-04 1.597420451998951960e-08 2.577226107644391737e-12 1.097241441441443614e-03 1.083046198585587995e-07 1.097241441441443614e-03
1.815726315789477529e-07 1.269737412631581616e-12 9.208135716404227713e-18 6.989150768588959015e-06 5.068532137380710816e-11 3.797597703932497487e-16 1.396499999999999521e-04 7.905586499999993708e-10 1.396499999999999521e-04
0.000000000000000000e+00 0.000000000000000000e+00 0.000000000000000000e+00 0.000000000000000000e+00 0.000000000000000000e+00 0.000000000000000000e+00 1.196999999999999822e-04 5.580413999999998965e-10 1.196999999999999822e-04
1.815726315789469323e-07 1.269737412631575759e-12 9.208135716404186113e-18 6.989150768588958168e-06 5.068532137380711462e-11 3.797597703932496994e-16 1.396500000000000334e-04 7.905586500000003014e-10 1.396500000000000334e-04
-3.631452631578947117e-07 -2.539474825263157173e-12 -1.841627143280841228e-17 -1.397830153717791803e-05 -1.013706427476142163e-10 -7.595195407864994974e-16 1.994999999999999703e-04 1.581117299999999569e-09 1.994999999999999703e-04
5.447178947368417498e-07 4.655703846315784247e-12 4.340978266304835548e-17 1.631058390786269916e-05 1.448411175136111306e-10 1.392731281786556385e-15 1.795500000000000004e-04 1.348600050000000508e-09 1.795500000000000004e-04
-9.078631578947372027e-07 -7.195178671578947074e-12 -6.971874185277471333e-17 -1.631314959112534620e-05 -1.593465603368683762e-10 -1.696790032438413334e-15 2.593499999999999885e-04 2.836710449999999956e-09 2.593499999999999885e-04
7.262905263157901645e-07 4.232458042105269495e-12 3.683254286561689853e-17 9.321433374714592954e-06 7.243152439332252316e-11 7.091358390713233417e-16 7.979999999999989326e-05 4.650344999999990521e-10 7.979999999999989326e-05
-1.815726315789469323e-07 -4.232458042105253036e-13 -1.315447959486312192e-18 -2.329716922862986056e-06 -7.240760196258158078e-12 -2.531731802621664950e-17 9.974999999999995806e-05 4.185310499999996122e-10 9.974999999999995806e-05
1.815726315789473294e-07 1.269737412631578385e-12 9.208135716404206142e-18 6.989150768588957321e-06 5.068532137380710816e-11 3.797597703932496501e-16 1.396499999999998437e-04 7.905586499999991640e-10 1.396499999999998437e-04
-5.447178947368419616e-07 -2.962720629473683234e-12 -1.973171939229472525e-17 -1.164986733822582739e-05 -7.965633557066987237e-11 -5.823540726719109773e-16 1.795500000000000004e-04 1.348600049999999474e-09 1.795500000000000004e-04
7.263061052631577127e-06 6.128875238484207376e-10 7.219667346253619446e-14 9.323943280445857898e-05 1.049070792630420349e-08 1.390253577813980699e-12 7.980171171171170433e-04 6.734002803423421478e-08 7.980171171171170433e-04
-1.997610526315788713e-06 5.658244415263156775e-10 2.168825961162086705e-13 1.515113862712520515e-04 4.850294072632696214e-08 1.340104148961335687e-11 4.329218468468468139e-03 8.291333916554052220e-07 4.329218468468468139e-03
-5.265294736842103826e-06 -1.285324151421052186e-09 -3.213863868595222826e-13 -5.383779271686912546e-04 -1.479720524227578760e-07 -4.135254122024717582e-11 7.201984234234233388e-03 2.041194364718468093e-06 7.201984234234233388e-03
3.631063157894737341e-06 1.205283122473684284e-09 4.024522572882880268e-13 6.339425539416451271e-04 2.022616422096014659e-07 6.497082698727625816e-11 7.940159909909910024e-03 2.464532905979729244e-06 7.940159909909910024e-03
8.534147368421046571e-06 5.147990283473681838e-09 3.024610375462546017e-12 1.934757874079219868e-04 1.743794087599205058e-07 1.218857609540213022e-10 1.063332432432432390e-02 4.580983059527026773e-06 1.063332432432432390e-02
-9.260126315789468936e-06 -4.431730192315788674e-09 -2.100487013150124744e-12 1.841264254703658130e-04 2.214768022449368234e-07 2.033521613954827810e-10 1.645870720720720923e-02 1.071568985452702686e-05 1.645870720720720923e-02
1.634231578947370296e-06 1.525881016526317369e-09 1.379486291257751154e-12 8.625891384397485744e-05 1.310885979633830181e-07 1.497464432046633229e-10 1.933155855855855920e-02 1.458744987529279309e-05 1.933155855855855920e-02
-5.992052631578949130e-06 -4.845881386789475064e-09 -3.924444780504367280e-12 -1.629310155595211328e-03 -1.328976686694086989e-06 -1.085269538455765191e-09 2.124683558558558560e-02 1.759430437935811129e-05 2.124683558558558560e-02
4.357431578947369905e-06 3.639659714526316981e-09 3.041444748670604362e-12 1.668921285263037227e-03 1.393294303265258581e-06 1.163673644518284730e-09 2.118696846846846935e-02 1.748782741887387185e-05 2.118696846846846935e-02
-5.265294736842102979e-06 -4.412065149947366653e-09 -3.699118709239143113e-12 -1.675921261718824268e-03 -1.405174565133036124e-06 -1.178807889645622483e-09 2.180528153153152987e-02 1.852485784512386899e-05 2.180528153153152987e-02
2.905473684210520093e-06 2.425438133999994801e-09 2.026004703997556234e-12 1.640547372327580454e-03 1.347033909839200491e-06 1.106825338898644289e-09 2.090753153153153063e-02 1.703140433637387162e-05 2.090753153153153063e-02
-9.082526315789414724e-07 -7.253349097894689583e-10 -5.792844311616669301e-13 -1.600848359229860686e-03 -1.281853347990948740e-06 -1.026467196228110183e-09 2.060840990990990898e-02 1.654160584146396109e-05 2.060840990990990898e-02
4.357821052631574599e-06 3.609511758157890552e-09 2.993193300130402094e-12 1.631572283799965486e-03 1.332572839068280599e-06 1.089587231004175368e-09 2.070815990990991159e-02 1.671213431174549752e-05 2.070815990990991159e-02
-3.268463157894732969e-06 -2.708918405052627730e-09 -2.246732679739505388e-12 5.105902275444058457e-05 8.730182449370177581e-08 1.118809736330103473e-10 2.226423423423423351e-02 1.931982402846846894e-05 2.226423423423423351e-02
-1.633842105263162638e-06 -1.432412872578951437e-09 -1.255970706294481913e-12 -1.759592266452248647e-03 -1.548520468467734772e-06 -1.362910529354401543e-09 2.268313288288288654e-02 2.004058479048423700e-05 2.268313288288288654e-02
5.628673684210529019e-06 5.092864832526317887e-09 4.614265560014308275e-12 1.787790255168476014e-03 1.600095412995624994e-06 1.433874651509258407e-09 2.264329279279279211e-02 1.998321329876126420e-05 2.264329279279279211e-02
0.000000000000000000e+00 0.000000000000000000e+00 0.000000000000000000e+00 0.000000000000000000e+00 0.000000000000000000e+00 0.000000000000000000e+00 0.000000000000000000e+00 0.000000000000000000e+00 0.000000000000000000e+00
