0.000000000000000000e+00 0.000000000000000000e+00 0.000000000000000000e+00 0.000000000000000000e+00 0.000000000000000000e+00 0.000000000000000000e+00 0.000000000000000000e+00 0.000000000000000000e+00 0.000000000000000000e+00
-2.726315789473672307e-06 -2.946723231578935227e-09 -3.183433241788757546e-12 5.820262392858353145e-05 1.308933080864411533e-07 2.207704593928151391e-10 2.914788288288288481e-02 3.310594041666666085e-05 2.914788288288288481e-02
1.273968421052610601e-06 1.583260186157873015e-09 1.929704129860094544e-12 7.695808435627263591e-05 1.638274705547387511e-07 2.618146204466178217e-10 2.719186711711712306e-02 2.882330935359234895e-05 2.719186711711712306e-02
7.262905263157894233e-06 7.592252969789472106e-09 7.945431116982568720e-12 2.079195102061051278e-03 2.163753551628453660e-06 2.254043507241166052e-09 2.629420270270270421e-02 2.694459277380630279e-05 2.629420270270270421e-02
-7.625505263157887170e-06 -8.128404587526306605e-09 -8.673425764383731489e-12 -2.139843649692111521e-03 -2.291650483379507674e-06 -2.456454424038853243e-09 2.789067342342342257e-02 3.031377915134008844e-05 2.789067342342342257e-02
7.232526315789526669e-07 9.051492838421104502e-10 1.105813421693876695e-12 6.062637127226037058e-05 1.279299030098027390e-07 2.025899731088207010e-10 2.701324999999999560e-02 2.843635106746620844e-05 2.701324999999999560e-02
-5.082242105263174803e-06 -4.375320792684224401e-09 -3.747943992741745962e-12 1.165366191396460024e-04 2.224247714113627664e-07 3.192378073645814656e-10 2.505744819819820043e-02 2.451833302962838136e-05 2.505744819819820043e-02
8.170768421052643400e-06 7.325127117421061685e-09 6.592172468375481641e-12 1.736506025853388514e-03 1.513585030524475720e-06 1.324589787031774009e-09 2.184524999999999662e-02 1.862728373836711470e-05 2.184524999999999662e-02
-1.815726315789474194e-06 -1.510138124105263692e-09 -1.256082205911307805e-12 -1.664138960366380506e-03 -1.384943134223735334e-06 -1.152675672794020625e-09 2.146614864864864955e-02 1.794764156231981985e-05 2.146614864864864955e-02
-4.902305263157878244e-06 -3.631733888052618303e-09 -2.694691614235646486e-12 8.148350599318943815e-05 1.277111590018871817e-07 1.503914026619026935e-10 2.064816441441441261e-02 1.663921492724098713e-05 2.064816441441441261e-02
1.814947368420797568e-07 9.111835768420874384e-10 1.159980307131031409e-12 1.421878353762228396e-04 1.940017590105712805e-07 1.999603812449667794e-10 1.749609009009009397e-02 1.200882854549549713e-05 1.749609009009009397e-02
-2.905084210526284059e-06 -2.945478493157741041e-10 4.385061584786351207e-13 1.771489794569365279e-04 1.827933967616638796e-07 1.442833004803227760e-10 1.356595720720720280e-02 7.303971028277023197e-06 1.356595720720720280e-02
5.810168421052607082e-06 2.874623041368411549e-09 1.381865776963272423e-12 1.398663622800913890e-04 1.051944787114042804e-07 6.083712955723077250e-11 9.017382882882885725e-03 3.258577299617119773e-06 9.017382882882885725e-03
-1.997221052631564962e-06 -1.739246108421021406e-10 2.836873393360143626e-14 9.090291421888995436e-05 4.435736124244936129e-08 1.661896744746424871e-11 6.483707207207205399e-03 1.673591754527026338e-06 6.483707207207205399e-03
3.994831578947357487e-06 8.456676320526295884e-10 1.815140015307248985e-13 6.528578670408452219e-05 2.332956158263042839e-08 6.421044893568782489e-12 4.149574324324325700e-03 6.926128482770275921e-07 4.149574324324325700e-03
-9.082526315789433782e-07 -8.766381178947320347e-11 -8.048269668755034100e-15 2.562244735503427565e-05 6.292868174988949944e-09 1.167940827863736077e-12 3.251909909909909448e-03 4.148723997297296066e-07 3.251909909909909448e-03
9.080189473684170259e-07 1.155664409957890580e-10 1.429499675884816009e-14 2.565112894295292910e-05 5.180965860760789351e-09 7.939599903719199680e-13 2.493767117117117252e-03 2.452165222842342978e-07 2.493767117117117252e-03
3.268151578947363794e-06 3.580427093768415848e-10 4.069912362576176698e-14 2.004439758666722385e-04 2.090597696489926371e-08 2.275232151390731957e-12 2.393982882882883349e-03 2.290720845342343092e-07 2.393982882882883349e-03
4.902850526315811570e-06 1.573278009048425275e-09 4.533208873901135070e-13 1.328689538353004459e-04 5.079278488907159037e-08 1.582338180934680549e-11 4.368990090090087847e-03 8.246273250297287693e-07 4.368990090090087847e-03
-4.358210526315804703e-06 -6.197756624210561228e-10 1.275304194194843664e-15 1.398514000778360673e-04 8.606328991734679061e-08 4.116224752386847590e-11 8.378999999999990622e-03 2.822574358851348826e-06 8.378999999999990622e-03
6.536926315789467633e-06 4.175004103263155366e-09 2.578287453836695573e-12 1.678361817681222386e-04 1.627450386395678155e-07 1.209191423434335158e-10 1.173053153153153123e-02 5.489946815022522436e-06 1.173053153153153123e-02
-8.533757894736836795e-06 -4.553551264894734243e-09 -2.451881425589667356e-12 1.421458364314795138e-04 1.727641326731075165e-07 1.591897870910816924e-10 1.653851576576576693e-02 1.075662665606981900e-05 1.653851576576576693e-02
4.538926315789469991e-06 3.691697885473681223e-09 2.999825211950520857e-12 9.095126146258674694e-05 1.367809890480574454e-07 1.547312364586501505e-10 1.881290990990990702e-02 1.382467985972972975e-05 1.881290990990990702e-02
-4.175936842105257114e-06 -3.133953607157890207e-09 -2.341734552555943826e-12 9.552950439261677102e-05 1.579841233551691898e-07 1.964097738814438562e-10 2.168567567567567661e-02 1.835890660279279035e-05 2.168567567567567661e-02
5.811336842105256737e-06 6.001918216157888973e-09 6.192736034109654715e-12 1.166056249091357083e-04 2.224791675858201758e-07 3.193029260624169497e-10 2.386036261261261296e-02 2.223947884003378450e-05 2.386036261261261296e-02
-1.144117894736841932e-05 -1.161831615526315426e-08 -1.182947632622606917e-11 -2.044280433518865219e-03 -2.094484702191049348e-06 -2.150778022548233027e-09 2.687318918918918734e-02 2.816572232961711555e-05 2.687318918918918734e-02
9.806168421052631164e-06 1.037601671189473488e-08 1.099454673787484890e-11 2.111865491127236632e-03 2.233038269928170508e-06 2.364364791507431540e-09 2.657363963963963599e-02 2.752793799722972294e-05 2.657363963963963599e-02
-9.806557894736840940e-06 -1.056261706121052196e-08 -1.139253406059917374e-11 -2.158459327662645873e-03 -2.332525830878468461e-06 -2.523832715507633873e-09 2.824927702702702270e-02 3.110577370922295920e-05 2.824927702702702270e-02
2.181442105263157616e-06 2.515092138789472735e-09 2.884455138920817634e-12 7.462370620551854981e-05 1.579104271984721309e-07 2.508673486239432434e-10 2.693211486486486034e-02 2.827496830516891026e-05 2.693211486486486034e-02
4.357431578947374141e-06 4.452255369789479164e-09 4.550466770114506768e-12 2.041863661779143302e-03 2.085281839667992678e-06 2.130217509125584049e-09 2.597496846846846646e-02 2.628258781569819242e-05 2.597496846846846646e-02
3.809442105263149906e-06 4.632576044052623223e-09 5.591453560667479506e-12 1.142173893314362386e-04 2.491723060362553405e-07 4.085092983747886743e-10 2.759112387387387816e-02 2.970868321575451370e-05 2.759112387387387816e-02
-7.984210526315791670e-06 -9.199695189473685100e-09 -1.061930901524983043e-11 -2.340208499210222511e-03 -2.742592528062239777e-06 -3.218881861036271158e-09 3.048301801801801825e-02 3.622115653828829047e-05 3.048301801801801825e-02
1.086631578947375743e-06 1.319686984210535029e-09 1.602317105211589173e-12 2.809143713180303065e-05 6.661769314307513375e-08 1.187019951977204737e-10 3.040385135135135336e-02 3.600634114752252423e-05 3.040385135135135336e-02
1.090526315789466297e-06 1.278642105263149118e-09 1.499225680350866988e-12 2.344570011291365226e-03 2.749040998915899398e-06 3.223327160515927890e-09 3.004481981981982353e-02 3.515772623873873829e-05 3.004481981981982353e-02
3.084631578947375078e-06 3.811292884210534178e-09 4.709912419191588082e-12 5.378121744583968730e-05 1.294831300670066495e-07 2.341702541475296095e-10 3.062337837837837695e-02 3.653903445495495866e-05 3.062337837837837695e-02
-1.994105263157900735e-06 -2.334393094736849109e-09 -2.721529894882815524e-12 6.755469454864759631e-05 1.697007426401940487e-07 3.198178364143475433e-10 3.245833333333333903e-02 4.105323315765765853e-05 3.245833333333333903e-02
1.994105263157891417e-06 2.825154863157890251e-09 3.991326894495432047e-12 6.764158092804591418e-05 1.801061005282026292e-07 3.599112344518808354e-10 3.397490990990990889e-02 4.497722339189189869e-05 3.397490990990990889e-02
0.000000000000000000e+00 0.000000000000000000e+00 0.000000000000000000e+00 0.000000000000000000e+00 0.000000000000000000e+00 0.000000000000000000e+00 0.000000000000000000e+00 0.000000000000000000e+00 0.000000000000000000e+00
