0.000000000000000000e+00 0.000000000000000000e+00 0.000000000000000000e+00 0.000000000000000000e+00 0.000000000000000000e+00 0.000000000000000000e+00 0.000000000000000000e+00 0.000000000000000000e+00 0.000000000000000000e+00
-7.205263157894904858e-07 -8.351996368421257421e-10 -9.661202216059899534e-13 3.258827003411383753e-05 7.927621976075020239e-08 1.445699567873118498e-10 3.128110360360360220e-02 3.811497372860360216e-05 3.128110360360360220e-02
-3.092421052631568469e-06 -3.777713242105250486e-09 -4.615651117409105963e-12 -2.449708925794112473e-03 -3.001210092070797484e-06 -3.677403666954920432e-09 3.162130630630630851e-02 3.894713194144144722e-05 3.162130630630630851e-02
-5.413684210526313709e-07 -4.873606894736834152e-10 -3.958163213582461964e-13 6.293659465661906663e-05 1.490676067592214605e-07 2.649141118119266986e-10 3.046376126126126155e-02 3.616177141779279141e-05 3.046376126126126155e-02
4.899578947368424215e-06 5.638139063157898558e-09 6.489764058407724180e-12 2.300604944271856817e-03 2.647192975084225007e-06 3.046792199871543669e-09 2.926684684684684873e-02 3.336615637162162329e-05 2.926684684684684873e-02
-8.529473684210517407e-06 -9.441542768421042681e-09 -1.047044780553472730e-11 -2.240030115957885280e-03 -2.512858415751318791e-06 -2.823135594453067512e-09 2.922662162162162000e-02 3.329806079954954347e-05 2.922662162162162000e-02
8.891684210526309886e-06 9.596531678947361165e-09 1.037658099013157168e-11 2.137491667232393512e-03 2.288267298481663943e-06 2.453836775392036960e-09 2.695304054054054044e-02 2.832279455292792527e-05 2.695304054054054044e-02
-8.167263157894731705e-06 -8.305926889473678294e-09 -8.460388029156837166e-12 -2.048891026279825705e-03 -2.101917463333339731e-06 -2.159180551222363826e-09 2.675277027027027008e-02 2.789745798536036052e-05 2.675277027027027008e-02
-3.450736842105294957e-06 -1.752737126315818743e-09 -3.937983114856403232e-13 1.887911354468572913e-04 3.409118698872648453e-07 4.651259540911816225e-10 2.356085585585585701e-02 2.177556283558558978e-05 2.356085585585585701e-02
3.268463157894766004e-06 3.777131259368443459e-09 3.805680187668063576e-12 1.911417654393448608e-04 2.780214171403167276e-07 3.068428770641301468e-10 1.831411711711711243e-02 1.322206830423423024e-05 1.831411711711711243e-02
-4.902694736842139688e-06 -7.903498960000166029e-10 3.870676664347710971e-13 2.121130994885535651e-04 2.155766975742551564e-07 1.692337513503128188e-10 1.358602702702703217e-02 7.387106768198203969e-06 1.358602702702703217e-02
5.628673684210562053e-06 3.353408100631590983e-09 1.660214561959319592e-12 2.028002749248748542e-04 1.311026857076540479e-07 6.791182354173452914e-11 7.680792792792790272e-03 2.481129171261259154e-06 7.680792792792790272e-03
2.360677894736823132e-06 7.682350751410495021e-10 1.971855881774237311e-13 1.002338962128833659e-04 3.302145290314705377e-08 8.677962533209788739e-12 3.970024324324326892e-03 6.581565049927934300e-07 3.970024324324326892e-03
1.452503157894746717e-06 2.243090188063167012e-10 2.936969510505406779e-14 5.128156212822154681e-05 8.925105616362942200e-09 1.235425643882266329e-12 2.074791441441440135e-03 1.794084348085583817e-07 2.074791441441440135e-03
1.997298947368419538e-06 1.113136465073683144e-10 6.360190884116330195e-15 1.095453555798491028e-04 6.142906123466839183e-09 3.527018449658992131e-13 1.296750000000000159e-03 6.663944385000002190e-08 1.296750000000000159e-03
3.631452631578906883e-07 4.401756363789447123e-11 4.201540782599274486e-15 2.331021362034208346e-05 2.970196054526848392e-09 2.902760041638485946e-13 1.596000000000000413e-03 1.015635348000000655e-07 1.596000000000000413e-03
2.723589473684220819e-06 4.431383570084223359e-10 6.903339346588251836e-14 6.294023949191093932e-05 1.408378979313384149e-08 2.501145988024053458e-12 2.573549999999998669e-03 2.766490240499997053e-07 2.573549999999998669e-03
-4.720888421052637393e-06 -6.831187279957901205e-10 -1.029548499971560525e-13 -3.123311386376003166e-04 -5.031813145288929956e-08 -8.297194645069752293e-12 4.269300000000000178e-03 7.210824957000001973e-07 4.269300000000000178e-03
7.263684210526287526e-07 1.295255631052626315e-10 2.309333059411535559e-14 1.405431621302917489e-05 4.748620619859772577e-09 1.207037195247356721e-12 4.269308558558558217e-03 7.108544898085586140e-07 4.269308558558558217e-03
5.083799999999999505e-06 1.114782602473683986e-09 2.515665775830073228e-13 3.821919120826675173e-04 7.621420072149344732e-08 1.589549092105276387e-11 4.628425675675671043e-03 8.561366940427920651e-07 4.628425675675671043e-03
2.542094736842105911e-06 1.742908791000000066e-09 8.504822071132122328e-13 1.585044133005383913e-04 9.704743184018159932e-08 4.658382200358980074e-11 7.580957207207207268e-03 2.347371902511261145e-06 7.580957207207207268e-03
-2.178715789473683259e-06 3.139862842105325813e-11 4.639357174614205183e-13 1.631647896346348449e-04 1.490923929337016117e-07 1.043681343366773656e-10 1.196991441441441588e-02 5.695383575990991233e-06 1.196991441441441588e-02
-7.081410526315790759e-06 -3.926474203578947966e-09 -2.188135144431178214e-12 -1.130487336407176103e-03 -6.417095714234049027e-07 -3.656821265562363850e-10 1.490259009009009192e-02 8.669894800495495191e-06 1.490259009009009192e-02
7.262905263157895080e-06 4.520250663157895601e-09 2.825458900108143091e-12 1.221396011151177447e-03 7.488293139830851381e-07 4.609661944754412622e-10 1.528164864864864705e-02 9.117033252702699424e-06 1.528164864864864705e-02
-3.631452631578945846e-06 -2.133151590315788266e-09 -1.237906924133304312e-12 9.321158765116541265e-05 1.254569336444096479e-07 1.270707286211075499e-10 1.767564864864864735e-02 1.220857303270270181e-05 1.767564864864864735e-02
-3.449957894736845337e-06 -2.512858637684212839e-09 -1.830873479482429377e-12 -1.456785306158113556e-03 -1.061503933475013214e-06 -7.737180391024480801e-10 1.889259009009008894e-02 1.390430398049549357e-05 1.889259009009008894e-02
4.721200000000003180e-06 3.502159481052634056e-09 2.600109617846925866e-12 1.477781119690299615e-03 1.092813721881223063e-06 8.087655339951799245e-10 1.871303153153152515e-02 1.364522252752251885e-05 1.871303153153152515e-02
-6.536926315789474409e-06 -4.875178311999999710e-09 -3.639769504546031230e-12 -1.491794208822454183e-03 -1.113947332210969440e-06 -8.326872855585968761e-10 1.951111711711711605e-02 1.483676660135134953e-05 1.951111711711711605e-02
9.623505263157889047e-06 7.371800362368416277e-09 5.664836319949218036e-12 1.522110836087788976e-03 1.161795731414391718e-06 8.893991055783098771e-10 1.901236711711711685e-02 1.410531299836711785e-05 1.901236711711711685e-02
1.822736842105306479e-07 1.164243904526318773e-09 1.867992474088760606e-12 1.608478309426297943e-04 2.764552619055205095e-07 3.584468226717080109e-10 2.204487837837837763e-02 1.903823654272522272e-05 2.204487837837837763e-02
-7.264463157894736723e-06 -6.887814355263157257e-09 -6.548728102121910748e-12 -1.948614150536469563e-03 -1.903377471056189385e-06 -1.863540363367777262e-09 2.541669369369369338e-02 2.519365676970720312e-05 2.541669369369369338e-02
7.789473684207154995e-10 2.195758768421007311e-11 4.303795491635384175e-14 2.331752690105026379e-05 4.652661107645570388e-08 6.963406479747114428e-11 2.561593693693693663e-02 2.555866435840090182e-05 2.561593693693693663e-02
5.263736842105266418e-06 5.382936231000002612e-09 5.510888433926032942e-12 2.016162751516171504e-03 2.034658612234119460e-06 2.055472301390753700e-09 2.559569594594594821e-02 2.553086373706081174e-05 2.559569594594594821e-02
-1.107234736842105727e-05 -1.120407531173684730e-08 -1.136098250775945998e-11 -2.030216459711456888e-03 -2.064908161104168726e-06 -2.104159520020577185e-09 2.667236261261261149e-02 2.774049056823198398e-05 2.667236261261261149e-02
9.440063157894740931e-06 9.300215959894740192e-09 9.185287229806120040e-12 1.948640279847633312e-03 1.902847933851829207e-06 1.862373594107294109e-09 2.449836036036035641e-02 2.340722300569819870e-05 2.449836036036035641e-02
-1.795473684210550202e-07 1.701565736840440543e-12 1.762609424163165013e-13 6.761988374077098317e-05 1.328273314480872700e-07 1.958391219679865751e-10 2.523692117117116995e-02 2.482524157444819665e-05 2.523692117117116995e-02
5.261010526315783591e-06 6.383954730947361107e-09 7.705181612004615963e-12 1.328852246332196986e-04 2.907284175897135345e-07 4.783534811812690259e-10 2.751182882882883055e-02 2.956133516954954839e-05 2.751182882882883055e-02
0.000000000000000000e+00 0.000000000000000000e+00 0.000000000000000000e+00 0.000000000000000000e+00 0.000000000000000000e+00 0.000000000000000000e+00 0.000000000000000000e+00 0.000000000000000000e+00 0.000000000000000000e+00
