0.000000000000000000e+00 0.000000000000000000e+00 0.000000000000000000e+00 0.000000000000000000e+00 0.000000000000000000e+00 0.000000000000000000e+00 0.000000000000000000e+00 0.000000000000000000e+00 0.000000000000000000e+00
4.356652631578952049e-06 4.207654511789477945e-09 4.065074035241336963e-12 1.929958950172493484e-03 1.863037825399055946e-06 1.798998297875218646e-09 2.453832882882883010e-02 2.345619566445945813e-05 2.453832882882883010e-02
-4.175936842105268126e-06 -3.993946593473688481e-09 -3.820988906385629179e-12 -1.913656718988206986e-03 -1.831641785115664703e-06 -1.753629870468139468e-09 2.479782432432432737e-02 2.395429539202702262e-05 2.479782432432432737e-02
2.541705263157905029e-06 2.418134556000009587e-09 2.301425988133126308e-12 1.878240006083369690e-03 1.765114818532518194e-06 1.659472102798221014e-09 2.397996846846846969e-02 2.240111792752252196e-05 2.397996846846846969e-02
1.089357894736840782e-06 1.031797736684209454e-09 9.773178011492372671e-13 1.908032245157638591e-05 3.534455252737916986e-08 4.948988052025822900e-11 2.394004279279279140e-02 2.232350241251126197e-05 2.394004279279279140e-02
-1.997221052631580632e-06 -1.890563836105264627e-09 -1.789758809718337569e-12 -1.894894807210357633e-03 -1.795649507331529464e-06 -1.701736226137268078e-09 2.443870720720720674e-02 2.326247858876126100e-05 2.443870720720720674e-02
-1.815336842105265689e-06 -1.619829782684213114e-09 -1.444469174814022830e-12 4.185985205766421836e-05 7.762406295543510619e-08 1.079208546253180562e-10 2.397984009009009043e-02 2.240431882521396216e-05 2.397984009009009043e-02
1.088968421052638207e-06 1.064466647157900590e-09 1.032333328191045108e-12 5.130327826941222594e-05 9.086372509372373958e-08 1.207867842907289198e-10 2.262335135135135067e-02 1.994541908117116984e-05 2.262335135135135067e-02
-1.633842105263168568e-06 -1.221655708157903533e-09 -9.055828350315319849e-13 5.824185896417723857e-05 9.614441128058493045e-08 1.191175877954859283e-10 2.136648423423423426e-02 1.779567145971847246e-05 2.136648423423423426e-02
-9.082526315789339549e-07 -3.630096289473582592e-10 -3.477434676794074302e-14 9.090183534232775583e-05 1.367453532226353918e-07 1.546560530406267448e-10 1.941140990990990883e-02 1.471103940722972948e-05 1.941140990990990883e-02
-3.086578947368441743e-06 -1.180285836789485749e-09 -2.820244353752260283e-13 1.421852606161517823e-04 1.794202647748401234e-07 1.712766788769519251e-10 1.653851576576577040e-02 1.074174595106982382e-05 1.653851576576577040e-02
-1.270852631578913763e-06 9.350266046842249381e-10 1.126608744256514097e-12 1.981314107534326682e-04 1.841213139542484540e-07 1.322240790930170730e-10 1.206966441441441329e-02 5.842101362240987656e-06 1.206966441441441329e-02
7.262905263157872210e-06 2.806932764315781589e-09 1.098342866430984797e-12 1.212282701575814986e-04 7.836135650995153088e-08 3.905796950334258469e-11 7.501148648648652169e-03 2.266732087319821717e-06 7.501148648648652169e-03
-4.357821052631563587e-06 -6.196521934210497110e-10 -8.733000649723486021e-14 8.389531581229765474e-05 3.285658234385281990e-08 9.989569879352209725e-12 5.506191441441439516e-03 1.215409939808557951e-06 5.506191441441439516e-03
3.268307368421035676e-06 7.466055986273660618e-10 1.440573369392650185e-13 9.790199991751777353e-05 2.373348322800025565e-08 4.813063016027941684e-12 2.753100000000001379e-03 3.387311298000003135e-07 2.753100000000001379e-03
1.271008421052638161e-06 1.189320709831582246e-10 9.212082060282688325e-15 3.962682865524017289e-05 3.817852122996687111e-09 3.087498816472796457e-13 1.097249999999999051e-03 5.399050544999991947e-08 1.097249999999999051e-03
7.262905263157869881e-07 2.116229021052625619e-11 6.129987491206214767e-16 1.398959137242229707e-05 5.650887147963304766e-10 1.869313692858600986e-14 4.389000000000002600e-04 8.463627900000007667e-09 4.389000000000002600e-04
3.631452631578947646e-07 4.232458042105263032e-12 4.998702246047999117e-17 2.329716922862986225e-05 2.751488874578100490e-10 3.291251343408165212e-15 2.792999999999999585e-04 3.069227699999999017e-09 2.792999999999999585e-04
-5.447178947368425969e-07 -5.502195454736844446e-12 -5.919515817688420964e-17 -2.097001775358866958e-05 -2.317302398687090340e-10 -2.658597183097389341e-15 2.992500000000000368e-04 3.580765649999999680e-09 2.992500000000000368e-04
3.631452631578955587e-07 3.385966433684217777e-12 3.420164694664427876e-17 9.321433139273738451e-06 9.415579613980400953e-11 1.012971511393306735e-15 1.595999999999997594e-04 1.116082799999997725e-09 1.595999999999997594e-04
7.262905263157893174e-07 1.015789930105262869e-11 1.631155469763030662e-16 1.398407458942630376e-05 2.245562697570075557e-10 3.951132760130283009e-15 1.994999999999999974e-04 2.046151799999999345e-09 1.994999999999999974e-04
-5.447178947368419616e-07 -5.502195454736840407e-12 -4.340978266304836781e-17 1.164281156206654032e-05 4.343529081024848892e-10 1.303678763546108980e-14 5.386499999999998928e-04 1.195138664999999730e-08 5.386499999999998928e-04
1.634153684210526097e-06 8.845837307999996692e-11 4.984232318493648519e-15 2.565228967972216288e-05 2.151898242666211151e-09 1.457311410710499036e-13 8.977500000000000020e-04 3.483108404999999388e-08 8.977500000000000020e-04
3.994753684210527051e-06 7.737281923536840929e-10 1.349938092167595927e-13 9.790425667982518426e-05 2.129999516709317096e-08 3.987672551793174460e-12 2.354117117117116974e-03 2.606104410342341739e-07 2.354117117117116974e-03
-1.089669473684211652e-06 4.756854322463157108e-10 2.474767853235347669e-13 1.351955435450951997e-04 5.798660859241580530e-08 1.989322354335999823e-11 5.625977027027027205e-03 1.311246308648197991e-06 5.625977027027027205e-03
1.234709473684210521e-05 8.285562996947367912e-09 5.316830817651886579e-12 2.797227189003559551e-04 2.521188760968516094e-07 1.825449986806602756e-10 1.021446846846846973e-02 4.434252345788288117e-06 1.021446846846846973e-02
-1.343645263157894768e-05 -6.614566046684211589e-09 -3.201031157315039673e-12 2.657154542112563069e-04 3.551236306390267011e-07 3.666555868724209055e-10 1.863339414414414558e-02 1.386728218715090237e-05 1.863339414414414558e-02
-3.086968421052628649e-06 -2.532500075999997787e-09 -2.078404163627745341e-12 5.347062615094068209e-05 9.101695089871501089e-08 1.161908467306025960e-10 2.216452702702702976e-02 1.914806699743243671e-05 2.216452702702702976e-02
4.902694736842104113e-06 4.750282669894736265e-09 4.607899783932075641e-12 7.706459441105591862e-05 1.435667748782757097e-07 2.010043821625032375e-10 2.340132432432432547e-02 2.135940487702702947e-05 2.340132432432432547e-02
-5.630231578947369815e-06 -5.419476198315792457e-09 -5.226298425091298399e-12 -1.987741116532813247e-03 -1.980029745797370033e-06 -1.976067479763995987e-09 2.583503603603604093e-02 2.602238142279280063e-05 2.583503603603604093e-02
1.273578947368424542e-06 1.321880110526318959e-09 1.372105979293687962e-12 2.066893425428098768e-03 2.136840493345938265e-06 2.209295351907163727e-09 2.647290540540540513e-02 2.729585122860360451e-05 2.647290540540540513e-02
7.244210526315750051e-07 8.208056631578904947e-10 9.264702360505218051e-13 3.733598959009595125e-05 7.909627772255865775e-08 1.257440830149680739e-10 2.713148648648648631e-02 2.867591886036036379e-05 2.713148648648648631e-02
-2.177157894736841616e-06 -2.351336563157893767e-09 -2.539886082612981962e-12 -2.172088289476329162e-03 -2.359736405947426113e-06 -2.563983902907561849e-09 2.800916666666666832e-02 3.055733585472972767e-05 2.800916666666666832e-02
4.537368421052633430e-06 5.175287952631580811e-09 5.907693699918247614e-12 2.239720209780790561e-03 2.510712244941008184e-06 2.816982582482715857e-09 2.850813063063063063e-02 3.166814612049548684e-05 2.850813063063063063e-02
-4.537368421052624960e-06 -5.210748363157887055e-09 -5.988862579612972475e-12 -2.337593188760729059e-03 -2.734743493826087894e-06 -3.201824858954280494e-09 3.026349099099098772e-02 3.568616598536035445e-05 3.026349099099098772e-02
2.905473684210515857e-06 3.538748936842092676e-09 4.311207380514371143e-12 2.414522575247299123e-03 2.916173755101780229e-06 3.522975424389472008e-09 3.084247747747748125e-02 3.705435155630631137e-05 3.084247747747748125e-02
5.990105263157901100e-06 8.530059063157903188e-09 1.210698807148281308e-11 1.422320449733789193e-04 3.712831160661662970e-07 7.285384271571120509e-10 3.285801801801802036e-02 4.214446687612611979e-05 3.285801801801802036e-02
0.000000000000000000e+00 0.000000000000000000e+00 0.000000000000000000e+00 0.000000000000000000e+00 0.000000000000000000e+00 0.000000000000000000e+00 0.000000000000000000e+00 0.000000000000000000e+00 0.000000000000000000e+00
