0.000000000000000000e+00 0.000000000000000000e+00 0.000000000000000000e+00 0.000000000000000000e+00 0.000000000000000000e+00 0.000000000000000000e+00 0.000000000000000000e+00 0.000000000000000000e+00 0.000000000000000000e+00
2.360210526315788850e-06 1.619612076631578390e-09 1.111851539628265067e-12 1.363478300158902073e-03 9.299780375904859835e-07 6.345328963593911543e-10 1.737652702702702917e-02 1.176236153743243314e-05 1.737652702702702917e-02
-5.265684210526320377e-06 -3.560836674947371517e-09 -2.411068470127247106e-12 -1.358922610893479503e-03 -9.244291676935251886e-07 -6.295591346230984820e-10 1.773564414414414286e-02 1.225941642590090220e-05 1.773564414414414286e-02
3.631452631578953469e-06 2.421826291368425067e-09 1.617682699415350291e-12 1.295675312670011882e-03 8.411663321288925168e-07 5.471286058822822581e-10 1.643885135135135164e-02 1.053560908481982021e-05 1.643885135135135164e-02
5.448736842105312081e-07 3.501234188947399919e-10 2.249691935109075826e-13 1.191237855840423208e-05 1.493967597603303341e-08 1.415664922107100177e-11 1.621936711711711651e-02 1.024645232836711418e-05 1.621936711711711651e-02
-2.360600000000002437e-06 -1.488656447947369727e-09 -9.391150471621548705e-13 -1.265608715451920462e-03 -8.012059468545083543e-07 -5.073633074144209208e-10 1.637898423423423538e-02 1.045034563760135102e-05 1.637898423423423538e-02
2.360600000000002437e-06 1.471724800052632924e-09 9.178814061703232074e-13 1.242301924125460092e-03 7.719773659878208662e-07 4.798668807660332260e-10 1.582036711711711646e-02 9.749795083367114533e-06 1.582036711711711646e-02
-4.721199999999992169e-06 -2.737732528947364400e-09 -1.592163628252592334e-12 -1.188710937068110114e-03 -7.083602456413637790e-07 -4.231218069884381843e-10 1.552111711711711729e-02 9.395393128851350621e-06 1.552111711711711729e-02
-2.904694736842134423e-06 -7.006568289473825618e-10 2.060956005296346836e-15 1.398519300782503916e-04 1.390936711975519448e-07 1.051536213365136521e-10 1.308714864864865199e-02 6.756340256554058151e-06 1.308714864864865199e-02
4.175936842105287607e-06 2.147012300526325844e-09 1.052117767846949284e-12 1.235450986473489942e-04 9.407154985502883444e-08 5.472514108582285236e-11 9.316675675675673354e-03 3.450059454527025060e-06 9.316675675675673354e-03
-2.360600000000016837e-06 -2.222312831052673298e-10 3.190467841388492250e-14 1.002277437018846227e-04 5.108846570750523319e-08 2.004933430619488305e-11 6.802984234234235941e-03 1.846811539718469733e-06 6.802984234234235941e-03
4.902694736842115971e-06 1.040805373052634053e-09 2.273146082414994503e-13 6.767417448719719548e-05 2.522233700270842493e-08 7.252801972628754582e-12 4.249324324324323110e-03 7.284691627927923869e-07 4.249324324324323110e-03
-3.813103157894746190e-06 -3.280267556884219675e-10 -3.117379723030379421e-14 5.353591666173478027e-05 1.148621292072283422e-08 1.946073754075116749e-12 3.172041441441442872e-03 4.076003053585587527e-07 3.172041441441442872e-03
3.631452631578957281e-06 3.419826098021061235e-10 3.445421295486566377e-14 5.595076662333416833e-05 7.650530710364183746e-09 8.924575348866216156e-13 1.356599999999998822e-03 8.817054119999986288e-08 1.356599999999998822e-03
-3.631452631578973057e-07 -1.692983216842162405e-12 1.157594204347941848e-16 1.397958320155634596e-05 6.952524921431358184e-10 2.734911518567798083e-14 6.783000000000001702e-04 1.878739380000000782e-08 6.783000000000001702e-04
9.078631578947381556e-07 1.566009475578949737e-11 2.986066868033941487e-16 3.029401740021666890e-05 5.142494768696918437e-10 9.750513384791842615e-15 3.391499999999997598e-04 4.882862249999993924e-09 3.391499999999997598e-04
-7.262905263157902703e-07 -5.925441258947371315e-12 -6.051060613637052568e-17 -1.864030106616653887e-05 -2.027652079259693912e-10 -2.329444192749189206e-15 2.793000000000000669e-04 3.255241500000000913e-09 2.793000000000000669e-04
9.078631578947370968e-07 5.502195454736845254e-12 4.604067858202108618e-17 1.165243302148847612e-05 9.416177839392713091e-11 8.864128233237680256e-16 9.974999999999993095e-05 6.045448499999993364e-10 9.974999999999993095e-05
-1.815726315789460853e-07 4.232458042105351486e-13 1.446992755434955660e-17 6.987868044678061901e-06 1.086034295320422603e-10 1.443031369425421377e-15 2.194499999999998589e-04 2.092655249999996924e-09 2.194499999999998589e-04
-7.262905263157898468e-07 -5.925441258947372931e-12 -6.051060613637056266e-17 -1.864030106616653548e-05 -2.027652079259693912e-10 -2.329444192749189206e-15 2.792999999999996332e-04 3.255241499999995122e-09 2.792999999999996332e-04
7.262905263157894233e-07 4.232458042105262225e-12 3.683254286561682457e-17 9.321433374714591260e-06 7.243152439332252316e-11 7.091358390713232431e-16 7.979999999999998813e-05 4.650344999999998793e-10 7.979999999999998813e-05
-1.815726315789473294e-07 -4.232458042105261619e-13 -1.315447959486314888e-18 -2.329716922862986056e-06 -7.240760196258158078e-12 -2.531731802621664950e-17 9.974999999999999872e-05 4.185310499999999224e-10 9.974999999999999872e-05
-1.815726315789473294e-07 -4.232458042105261619e-13 -1.315447959486314888e-18 -2.329716922862986056e-06 -7.240760196258158078e-12 -2.531731802621664950e-17 9.974999999999999872e-05 4.185310499999999224e-10 9.974999999999999872e-05
1.815726315789473294e-07 4.232458042105261619e-13 1.315447959486314888e-18 2.329716922862986056e-06 7.240760196258158078e-12 2.531731802621664950e-17 1.994999999999999703e-05 4.650344999999998922e-11 1.994999999999999703e-05
6.899915789473682203e-06 6.111945406315786559e-10 7.218614987886030284e-14 8.857871623482171399e-05 1.046173691210734021e-08 1.390050983511702111e-12 7.581171171171171034e-04 6.715401423423422116e-08 7.581171171171171034e-04
9.074736842105275331e-07 1.554497225473684050e-09 5.546995716755901040e-13 1.888077308945540370e-04 6.983113106644331297e-08 2.274014694612830324e-11 4.648409909909909619e-03 9.943101747297294822e-07 4.648409909909909619e-03
-3.268073684210524888e-06 -1.870267100526305556e-10 2.407429516453549616e-13 1.584989504235205645e-04 1.108393643258184239e-07 6.017022392759503027e-11 9.336574324324324603e-03 3.505127938277027239e-06 9.336574324324324603e-03
-3.812947368421055673e-06 -1.612942187894738539e-09 -6.834679837566358042e-13 6.754029523630019054e-05 6.236906810498208670e-08 4.336539918954293267e-11 1.226920720720720698e-02 5.885854704527027987e-06 1.226920720720720698e-02
1.815726315789475041e-06 1.020875416526316397e-09 5.730687581881833214e-13 4.200785114403973557e-05 4.436315374020696255e-08 3.519310832513848199e-11 1.336649999999999991e-02 6.966775569617116593e-06 1.336649999999999991e-02
2.541705263157895288e-06 1.884089864315789257e-09 1.354202309441826385e-12 9.790880131352298031e-05 1.174528725235036029e-07 1.061644358172827821e-10 1.512211711711711551e-02 8.948956018851349968e-06 1.512211711711711551e-02
-2.178326315789470942e-06 -1.103437218473681463e-09 -4.934884908142866190e-13 1.025519827145637917e-04 1.415239178120192329e-07 1.470274927768118612e-10 1.795495720720720681e-02 1.260200339174549310e-05 1.795495720720720681e-02
-4.903084210526320664e-06 -3.680590725000003131e-09 -2.764849581248742102e-12 -1.503431405800428368e-03 -1.130951607263712014e-06 -8.513146536472142316e-10 1.957098423423423231e-02 1.492398730318693844e-05 1.957098423423423231e-02
6.718810526315791893e-06 5.255079642473684927e-09 4.118166036989942325e-12 1.550060291360804863e-03 1.203441208520289746e-06 9.359745916091609747e-10 1.953101576576576903e-02 1.487272976818693627e-05 1.953101576576576903e-02
-6.900305263157894520e-06 -5.539883033526315367e-09 -4.455610981497067091e-12 -1.617660347653167036e-03 -1.310474235302857707e-06 -1.063203794300375042e-09 2.114704279279279453e-02 1.743291384674550083e-05 2.114704279279279453e-02
5.447568421052631933e-06 4.540906729105263856e-09 3.787886912127969222e-12 1.664271460465105001e-03 1.385898213425361224e-06 1.154879999568221488e-09 2.106719144144144143e-02 1.729368981904279097e-05 2.106719144144144143e-02
-4.902694736842103266e-06 -4.148431493894734971e-09 -3.512846658090777170e-12 -1.699221696866576922e-03 -1.444697085910319252e-06 -1.229093322739551719e-09 2.208467567567567666e-02 1.900344721279279296e-05 2.208467567567567666e-02
5.992052631578944895e-06 5.306375363631576876e-09 4.705400146597738093e-12 1.755171830807937669e-03 1.542180094929063886e-06 1.356661066182920218e-09 2.220436711711711725e-02 1.921604614336711901e-05 2.220436711711711725e-02
0.000000000000000000e+00 0.000000000000000000e+00 0.000000000000000000e+00 0.000000000000000000e+00 0.000000000000000000e+00 0.000000000000000000e+00 0.000000000000000000e+00 0.000000000000000000e+00 0.000000000000000000e+00
