0.000000000000000000e+00 0.000000000000000000e+00 0.000000000000000000e+00 0.000000000000000000e+00 0.000000000000000000e+00 0.000000000000000000e+00 0.000000000000000000e+00 0.000000000000000000e+00 0.000000000000000000e+00
8.895578947368438133e-06 1.159150215789475880e-08 1.511529810267090656e-11 2.603740295918561577e-03 3.392160242184918185e-06 4.422389384802242744e-09 3.293846846846847087e-02 4.227540315090089147e-05 3.293846846846847087e-02
-3.996000000000000366e-06 -5.178355252631579196e-09 -6.713976373416841700e-12 -2.633334249128402131e-03 -3.470102911651573426e-06 -4.575190210642130075e-09 3.403567567567567648e-02 4.513073829954955145e-05 3.403567567567567648e-02
7.283157894736820766e-07 9.787335421052603152e-10 1.315264958200346911e-12 2.684371554029516341e-03 3.604268685805459897e-06 4.839440893391036458e-09 3.443407657657657217e-02 4.618033122860360840e-05 3.443407657657657217e-02
-2.726315789473678236e-06 -3.621092631578939604e-09 -4.810306489824550712e-12 -2.668692673496160604e-03 -3.561866572281474147e-06 -4.754630151274525467e-09 3.441396396396396995e-02 4.612981756756756536e-05 3.441396396396396995e-02
-3.583157894736824427e-07 -3.205243789473656410e-10 -2.302846490722781312e-13 6.058904871937120101e-05 1.566860075884086718e-07 3.039953001503784738e-10 3.323630630630630689e-02 4.303903587387387112e-05 3.323630630630630689e-02
1.631894736842101479e-06 2.101891521052626430e-09 2.705344107048064511e-12 4.433458012142186058e-05 1.102627554272441836e-07 2.058554710784748090e-10 3.178092342342342391e-02 3.934690248986486911e-05 3.178092342342342391e-02
1.631894736842101056e-06 1.987822078947363069e-09 2.421443759961747803e-12 2.435647723878772014e-03 2.966634899107907093e-06 3.613474384052573305e-09 3.118268018018018062e-02 3.787149506193693749e-05 3.118268018018018062e-02
-7.259789473684214336e-06 -8.346173347368423077e-09 -9.614112767719301351e-12 -2.358814577628013005e-03 -2.787373955289158683e-06 -3.299608557061879010e-09 3.068328828828828861e-02 3.670375743693693975e-05 3.068328828828828861e-02
7.622000000000005121e-06 8.629838521052636623e-09 9.790905063366673143e-12 2.214333855639425384e-03 2.456626373158991652e-06 2.731037725738117879e-09 2.801002252252252772e-02 3.059119642229729693e-05 2.801002252252252772e-02
-1.994105263157892264e-06 -2.140266557894734426e-09 -2.297255148091225680e-12 -2.146582934480839675e-03 -2.304254841560926488e-06 -2.473629089920335628e-09 2.766981981981982142e-02 2.981979995270270549e-05 2.766981981981982142e-02
-4.720031578947356913e-06 -4.599790379105251482e-09 -4.484746721335470714e-12 8.379420539105083762e-05 1.714560745383479633e-07 2.633671811062808038e-10 2.677206981981982217e-02 2.795063846350225663e-05 2.677206981981982217e-02
5.446010526315775043e-06 5.408652527947354031e-09 5.380298078105994644e-12 7.506186046840721167e-05 1.443773934389578769e-07 2.090210582336881867e-10 2.417916891891892101e-02 2.280065749863739553e-05 2.417916891891892101e-02
-5.992052631578927954e-06 -4.985530712684192720e-09 -4.159761580726435407e-12 8.109405309031836231e-05 1.402778694848121536e-07 1.819988308851164993e-10 2.280278153153152826e-02 2.028826447953827907e-05 2.280278153153152826e-02
2.723978947368395443e-06 2.699306494421031120e-09 2.566209157953501676e-12 1.235470923220937647e-04 1.923683150608606906e-07 2.256184494679963743e-10 1.969059009009009251e-02 1.516770320646396785e-05 1.969059009009009251e-02
-1.453126315789452034e-06 -5.074159766841962344e-10 -4.759309367835251821e-14 1.072167046249972774e-04 1.402931283096585286e-07 1.383004294422048736e-10 1.695754279279279228e-02 1.124933354174549279e-05 1.695754279279279228e-02
-5.444842105263383733e-07 3.950452143157773736e-10 5.768880624413805119e-13 1.328663299516761546e-04 1.424678249514723470e-07 1.157459917126710344e-10 1.382532432432432776e-02 7.520002097027029968e-06 1.382532432432432776e-02
7.262905263157900162e-06 3.335162411368423987e-09 1.543691148737685748e-12 8.950679925832711508e-04 4.034858824937352529e-07 1.832754403892567889e-10 1.109214864864864827e-02 4.813620747702701858e-06 1.109214864864864827e-02
-2.360210526315786732e-06 -1.010181695999998829e-09 -4.328120209209468820e-13 -8.646957381160310383e-04 -3.742245313110784585e-07 -1.620963139062296356e-10 1.123182432432432397e-02 4.915810892027025993e-06 1.123182432432432397e-02
2.723200000000001303e-06 1.245442449263158417e-09 5.703658878360281601e-13 9.019979185174082682e-04 4.073439131353633823e-07 1.841888940323171265e-10 1.143140990990989744e-02 5.093157374729723500e-06 1.143140990990989744e-02
3.631452631578949234e-06 2.271951520842105790e-09 1.394945677804737980e-12 1.025714743929464524e-04 1.067877010197494901e-07 8.396349961768572007e-11 1.296749999999999986e-02 6.597347933468468140e-06 1.296749999999999986e-02
-3.268073684210528276e-06 -1.570944257105264188e-09 -7.130553022650001563e-13 1.072083013732998179e-04 1.309566707356130621e-07 1.206170579860245645e-10 1.603972297297297234e-02 1.007180569944820102e-05 1.603972297297297234e-02
5.265684210526316989e-06 4.572405041368422013e-09 3.929103375724887915e-12 1.328861075120934404e-04 1.990557623147606355e-07 2.249157665190107877e-10 1.865320720720720776e-02 1.363349737376126122e-05 1.865320720720720776e-02
-5.992052631578946589e-06 -4.594454858368420703e-09 -3.512542896143704940e-12 1.235042078973814681e-04 2.107649258323972644e-07 2.707975712205187110e-10 2.256348423423423441e-02 1.990228372971847173e-05 2.256348423423423441e-02
3.814115789473677799e-06 4.076636240157888821e-09 4.342212770352661746e-12 9.561791541623163027e-05 1.880814331297668612e-07 2.779789383667519798e-10 2.483792117117117337e-02 2.407001876070945893e-05 2.483792117117117337e-02
5.433157894736887183e-07 1.491376380263160354e-09 2.628223844087767450e-12 1.515241451945773844e-04 3.334270010567294647e-07 5.520192584449582831e-10 2.818996621621621540e-02 3.104878956052927380e-05 2.818996621621621540e-02
-6.356210526315790486e-06 -7.481670684210526338e-09 -8.820385343492632607e-12 -2.425897522356518492e-03 -2.948368048864055494e-06 -3.589241150667850178e-09 3.150148648648648519e-02 3.868397770495495566e-05 3.150148648648648519e-02
-5.444842105263150799e-06 -6.395740157894728117e-09 -7.521444288570513035e-12 7.393746961209361757e-05 1.786269071673272911e-07 3.230042316389746786e-10 3.148094594594594287e-02 3.862957223198197208e-05 3.148094594594594287e-02
1.597621052631578562e-05 1.943350415789473132e-08 2.372302448672770713e-11 2.414867123256545824e-03 2.925290733218652155e-06 3.555362102187143565e-09 3.012441441441441464e-02 3.541969040765765366e-05 3.012441441441441464e-02
-9.620000000000001068e-06 -1.180358849473684385e-08 -1.452783340103930099e-11 1.420225153962442408e-04 3.661364721489419909e-07 7.094555316536435327e-10 3.413409909909910500e-02 4.548729597972973220e-05 3.413409909909910500e-02
-7.283157894736828177e-07 -1.005039373684208641e-09 -1.386925307444558609e-12 -1.379760554628284980e-03 -1.904029714192057844e-06 -2.627546218844054596e-09 3.559119369369369290e-02 4.933641831869370022e-05 3.559119369369369290e-02
1.086631578947367272e-06 1.524815763157892938e-09 2.139768206725260755e-12 1.403120874277771161e-03 1.968994228361236618e-06 2.763173184834529658e-09 3.579060810810810733e-02 4.989142851689189971e-05 3.579060810810810733e-02
2.547157894736839767e-06 3.794506957894734416e-09 5.649558336625257573e-12 6.068884243869447290e-05 1.745290129918725946e-07 3.767470291143775997e-10 3.666743243243243688e-02 5.238200057432432113e-05 3.666743243243243688e-02
-3.271578947368415408e-06 -4.770519442105255072e-09 -6.957804644621039515e-12 5.092209228715113140e-05 1.515298645694044164e-07 3.374513343486161121e-10 3.842364864864864643e-02 5.751476815540539853e-05 3.842364864864864643e-02
1.273578947368416072e-06 1.971621142105255281e-09 3.052188510281040844e-12 2.597400370410018339e-05 7.901340131159908858e-08 1.810430935577331175e-10 3.916182432432432220e-02 5.973476930067566065e-05 3.916182432432432220e-02
-1.635789473684207916e-06 -2.520424421052627149e-09 -3.883710409010519657e-12 -1.540705812707716948e-03 -2.374066507234112718e-06 -3.658414641855256487e-09 3.992054054054054030e-02 6.207097264864864161e-05 3.992054054054054030e-02
4.899578947368424215e-06 7.960345915789479188e-09 1.293963559043088616e-11 1.624666840684512760e-03 2.640914992477343464e-06 4.294979820368041207e-09 4.063860360360360691e-02 6.434400127477477960e-05 4.063860360360360691e-02
0.000000000000000000e+00 0.000000000000000000e+00 0.000000000000000000e+00 0.000000000000000000e+00 0.000000000000000000e+00 0.000000000000000000e+00 0.000000000000000000e+00 0.000000000000000000e+00 0.000000000000000000e+00
