0.000000000000000000e+00 0.000000000000000000e+00 0.000000000000000000e+00 0.000000000000000000e+00 0.000000000000000000e+00 0.000000000000000000e+00 0.000000000000000000e+00 0.000000000000000000e+00 0.000000000000000000e+00
-4.902694736842104113e-06 -2.885416626842104660e-09 -1.699805855243163912e-12 -1.177111911605852219e-03 -6.934883596823740050e-07 -4.089546441233523131e-10 1.538152702702702719e-02 9.220285335698197722e-06 1.538152702702702719e-02
4.539315789473678072e-06 2.652491623210523278e-09 1.551344718036548471e-12 1.167782833465910892e-03 6.824874444998188009e-07 3.992168551021912816e-10 1.474310135135135230e-02 8.470616006069821443e-06 1.474310135135135230e-02
1.089357894736834853e-06 8.337306842631533272e-10 6.151621400886308269e-13 6.527314148771306244e-05 8.032934075591652128e-08 7.428909130013905520e-11 1.568069144144144250e-02 9.595044669042792712e-06 1.568069144144144250e-02
-3.812557894736837003e-06 -2.483712236263154868e-09 -1.620204525079404987e-12 -1.321560980116584516e-03 -8.743474703550847597e-07 -5.791152600459303828e-10 1.717689864864864815e-02 1.149860653742116660e-05 1.717689864864864815e-02
-3.813336842105250201e-06 -2.270942521105255237e-09 -1.353574972617384098e-12 6.751530104944435898e-05 8.566020564727091042e-08 8.166309637448434375e-11 1.669821846846846619e-02 1.088268516012387302e-05 1.669821846846846619e-02
1.633842105263141463e-06 1.271712014999990619e-09 9.198995655804346345e-13 9.557924703102230711e-05 1.078292402098132665e-07 9.168268587671638101e-11 1.430421846846846937e-02 8.008763970123874165e-06 1.430421846846846937e-02
1.818842105263272252e-07 2.900940541578998909e-10 2.357136960643769602e-13 7.226352540833709970e-05 6.894996455235253454e-08 4.953025815866279555e-11 1.222928153153153216e-02 5.847141570123872762e-06 1.222928153153153216e-02
1.818842105263047788e-07 2.519365656315744850e-10 1.752767346979346326e-13 6.759349810102073097e-05 5.504050337448522376e-08 3.376872917624264254e-11 1.043378153153153368e-02 4.259518575123874949e-06 1.043378153153153368e-02
-7.444945263157867506e-06 -1.170443874646309086e-09 -1.496268337272265317e-13 1.608244510082985554e-04 8.897390749121801051e-08 3.924219887939203370e-11 7.920201351351349034e-03 2.566881493221169232e-06 7.920201351351349034e-03
1.143915368421050612e-05 2.267371350976837660e-09 5.195254467814016719e-13 3.146768153212334946e-04 6.110901369034140990e-08 1.414572765943340843e-11 3.411458558558560540e-03 5.353997260927933612e-07 3.411458558558560540e-03
-1.815492631578949641e-06 -1.912795045410528501e-10 -2.038091752889371834e-14 -2.190738398394826477e-04 -2.422173820643572593e-08 -2.699761098756428893e-12 2.912674324324324420e-03 3.320287278427928364e-07 2.912674324324324420e-03
-2.723823157894745160e-06 -1.807528312252637523e-10 -1.280108798714150993e-14 4.425824138897544043e-05 7.842327851226410531e-09 1.094497803693971696e-12 2.573575675675676688e-03 2.680974565927929458e-07 2.573575675675676688e-03
2.360522105263166919e-06 2.061294222147373592e-10 1.731884756240136658e-14 4.895286810264970972e-05 5.172813688408462051e-09 4.761101429891412184e-13 1.097258558558557523e-03 5.845607355855846417e-08 1.097258558558557523e-03
9.078631578947356145e-07 1.989255279789470467e-11 4.643531296986686143e-16 3.961480944241807842e-05 8.401644276100548782e-10 1.912063963455947866e-14 4.588500000000001215e-04 8.603138250000004539e-09 4.588500000000001215e-04
-3.631452631578946058e-07 -5.925441258947366468e-12 -9.734314900198731327e-17 -3.261603692008180648e-05 -5.358162545231037850e-10 -8.861061309175829113e-15 4.388999999999999889e-04 7.533558899999998189e-09 4.388999999999999889e-04
-1.815726315789486528e-07 -4.232458042105406012e-13 1.446992755434927310e-17 6.986585320767164787e-06 1.737523311217479347e-10 3.417559143194607822e-15 3.391500000000000851e-04 4.696848450000001955e-09 3.391500000000000851e-04
7.262905263157895292e-07 6.771932867368420206e-12 6.840329389328840962e-17 1.864286627854747690e-05 1.883115922796080191e-10 2.025943022786613469e-15 1.994999999999999703e-04 1.674124199999999276e-09 1.994999999999999703e-04
-3.631452631578939705e-07 -3.385966433684202833e-12 -3.420164694664412469e-17 -9.321433139273738451e-06 -9.415579613980402246e-11 -1.012971511393306735e-15 3.191999999999998441e-04 4.092303599999997035e-09 3.191999999999998441e-04
-5.447178947368420675e-07 -3.809212237894736164e-12 -3.551709490613050853e-17 -6.991716451851606051e-06 -6.519076419706436670e-11 -6.838185210451065997e-16 2.992499999999996031e-04 3.766779449999994131e-09 2.992499999999996031e-04
5.447178947368420675e-07 3.809212237894736164e-12 3.551709490613050853e-17 6.991716451851606051e-06 6.519076419706436670e-11 6.838185210451065997e-16 5.984999999999999110e-05 4.185310499999998707e-10 5.984999999999999110e-05
7.262905263157893174e-07 6.771932867368418590e-12 8.418866940712415284e-17 9.322716392950868041e-06 1.159000101971651563e-10 1.620977542617551726e-15 7.979999999999998813e-05 7.440551999999998275e-10 7.979999999999998813e-05
-1.452581052631578635e-06 -1.354386573473683718e-11 -1.683773388142483057e-16 -1.864543278590173608e-05 -2.318000203943303125e-10 -3.241955085235103451e-15 3.192000000000000067e-04 4.464331199999998345e-09 3.192000000000000067e-04
9.078631578947366733e-07 7.195178671578944651e-12 8.550411736661046888e-17 1.165243331581385325e-05 1.231407703934233256e-10 1.646294860643768369e-15 9.974999999999998516e-05 7.905586499999997844e-10 9.974999999999998516e-05
2.723589473684209808e-06 1.214715458084210368e-10 6.460164929037292630e-15 3.962683887009201190e-05 2.216820320313895170e-09 1.321993157275098780e-13 4.189499999999999648e-04 1.529963504999999503e-08 4.189499999999999648e-04
5.810324210526313692e-06 1.544000693759999329e-09 3.483306196719762426e-13 1.491832511015776797e-04 3.848371085747395437e-08 9.243983523969544571e-12 2.673299999999999982e-03 3.815143037999999323e-07 2.673299999999999982e-03
-4.539159999999996873e-06 -1.764295864778937101e-10 1.804201771038737606e-13 1.654966536276210787e-04 8.744300499046618344e-08 3.701157623882771127e-11 7.281767117117116973e-03 2.187208973284234018e-06 7.281767117117116973e-03
-7.267578947368431867e-07 7.851817905263088472e-11 1.797620988345239578e-13 9.789536299406522302e-05 7.910809224982380374e-08 4.841497175333484957e-11 1.045385135135135264e-02 4.297424113671171379e-06 1.045385135135135264e-02
-1.270463157894736175e-06 -4.200205297894730697e-10 -1.096529826197548989e-13 7.224900230391349473e-05 7.051275867216626410e-08 5.180356559625680886e-11 1.266820720720720703e-02 6.273132722995495832e-06 1.266820720720720703e-02
4.175936842105257114e-06 2.896162821157891769e-09 1.982319041457768656e-12 1.095741607924488863e-04 1.294010823683242185e-07 1.153279067968174719e-10 1.470317567567567575e-02 8.475239019527028091e-06 1.470317567567567575e-02
-9.442010526315781338e-06 -6.138078788684206024e-09 -4.009626305869503218e-12 -1.314653013662601694e-03 -8.677993232690997810e-07 -5.750966674270082405e-10 1.739642567567567522e-02 1.181535230827702699e-05 1.739642567567567522e-02
3.813336842105257825e-06 2.564650051736838830e-09 1.727026051223350956e-12 1.326223826338575546e-03 8.805212310947629934e-07 5.852980103253699034e-10 1.681778153153153099e-02 1.102313567377252421e-05 1.681778153153153099e-02
-1.814947368420999797e-07 -1.087189733684176197e-10 -6.455620085813597605e-14 1.628729849501703558e-05 2.138169728714836311e-08 2.104139614750886055e-11 1.685770720720720581e-02 1.106929993376126209e-05 1.685770720720720581e-02
1.270852631578941503e-06 8.992974689999962180e-10 6.359777322226939054e-13 3.038864745637920826e-05 4.140294970745307839e-08 4.236296780881990085e-11 1.737648423423423724e-02 1.176416401971846942e-05 1.737648423423423724e-02
-1.271242105263154031e-06 -8.665577444210500220e-10 -5.903056987010761007e-13 3.020513668831816163e-05 4.277851965538342247e-08 4.540904046391288872e-11 1.829417567567567793e-02 1.303909179202702808e-05 1.829417567567567793e-02
1.271242105263158055e-06 9.765907591578948879e-10 7.498403661077308448e-13 3.039152598809135349e-05 4.507936962588896801e-08 5.021706567577710603e-11 1.893247297297297183e-02 1.396454627743243396e-05 1.893247297297297183e-02
-4.023406499457926611e-21 8.464916084210201332e-11 1.318072083472393227e-13 4.661743257383178015e-05 7.258800426071362022e-08 8.482074580847840260e-11 1.998979729729729801e-02 1.557235737581081153e-05 1.998979729729729801e-02
0.000000000000000000e+00 0.000000000000000000e+00 0.000000000000000000e+00 0.000000000000000000e+00 0.000000000000000000e+00 0.000000000000000000e+00 0.000000000000000000e+00 0.000000000000000000e+00 0.000000000000000000e+00
